station_name = 'BUR2';
azi_lim = [40,240];
azi_mask = [nan,nan];
elv_lim = [3,20];

staxyz = [-3989420.9135  2699532.9300 -4166619.7737];
sta_lon = 145.9148538781;
sta_lat = -41.0500594331;
sta_asl = 7.298;
tide_range = [0,4];
station_belong = 'AUS';