station_name = 'HKQT';
azi_lim = [0,360];
azi_mask = [105,330];
elv_lim = [3,15];

staxyz = [-2421567.8916  	5384910.5631	2404264.3943];
sta_lon = 114.2132;
sta_lat = 22.291;
sta_asl = 6.48;
tide_range = [-2.5,2.5];
station_belong = 'HKG';